13.359233283824334
16

 -- -- -- maxDistance MIGRANT SELECTION STRATEGY -- -- --
 -- -- -- MIGRANT ACCEPTATION STRATEGY BEZ -- -- --
 -- -- -- torus TOPOLOGY -- -- -- 
------------------------------------
Average result:  21.380520868777957
------------------------------------
Best result   : 13.359233283824334
Winner island: 16 (this result was reached on : 1/96 islands) (number of results taken to avg: 96)

0 16.875171521409083
1 16.69388625989553
2 17.64490493446551
3 18.29992408021702
4 19.223420898377253
5 14.915670172957174
6 27.973476133947266
7 15.382329802888602
8 20.400916602748293
9 15.382329802888602
10 20.41961201786678
11 16.007056332390118
12 27.843577467686096
13 17.193513125464232
14 20.8350965314125
15 18.141161407347095
16 13.359233283824334
17 19.32297429912337
18 15.290838629595509
19 19.86626520957584
20 15.210849287802727
21 21.28088582761036
22 27.257800017685845
23 20.35888613252173
24 16.83832044276154
25 27.67371760155647
26 17.238397366701474
27 31.565854018892544
28 18.450413028943398
29 15.290838629595509
30 27.23576385053793
31 20.239745288013136
32 17.982516448816693
33 20.239745288013136
34 18.232795809026367
35 20.239745288013136
36 19.188333640009272
37 31.56361846338462
38 24.839916995909967
39 17.64472677062805
40 15.075491166444703
41 18.57353338713696
42 21.614681191957583
43 21.12320178498619
44 19.857041285907666
45 30.10707442314959
46 20.239745288013136
47 21.308931820509155
48 20.231484566759445
49 21.222919889186027
50 21.09033780359466
51 21.308931820509155
52 18.281156931418447
53 21.07441495003793
54 19.20605384329276
55 17.09994543070995
56 31.052237776565455
57 30.232905782786595
58 20.654137705005905
59 18.01343355688773
60 21.308931820509155
61 30.89606592934002
62 28.797620379808286
63 30.391955734795722
64 16.853313718996944
65 19.038104177969853
66 16.854606803351814
67 16.626396922016124
68 17.84415360040252
69 31.933996423152628
70 17.505467884552456
71 20.22996792293345
72 28.4552450477591
73 28.48878847389353
74 20.508061956295432
75 30.064316405309803
76 21.858577135974496
77 30.162476421941967
78 18.020567368467947
79 19.879345775947126
80 16.626396922016124
81 31.499470563749476
82 16.263184159040446
83 28.1459366849405
84 16.517778806434574
85 21.104506369867703
86 30.899681455817138
87 21.83988172085601
88 26.660753878306487
89 22.069068647705144
90 19.840319683331312
91 29.80546071518382
92 20.17349935334671
93 15.99488037607004
94 21.958418444488597
95 20.400916602748293
