11.811149676015745
138

 -- -- -- maxDistance MIGRANT SELECTION STRATEGY -- -- --
 -- -- -- MIGRANT ACCEPTATION STRATEGY BEZ -- -- --
 -- -- -- torus TOPOLOGY -- -- -- 
------------------------------------
Average result:  16.851591448852194
------------------------------------
Best result   : 11.811149676015745
Winner island: 138 (this result was reached on : 1/144 islands) (number of results taken to avg: 144)

0 13.145118316583265
1 19.733156820345442
2 18.059086574409037
3 13.003726389736599
4 19.238014445660298
5 13.135617729943093
6 16.25506275263953
7 13.439517788928555
8 17.05365851017487
9 19.804021023888907
10 12.86855263122331
11 12.09271570510991
12 13.114317946444842
13 18.731487955873803
14 13.357442634032026
15 18.695493304173766
16 20.675546400764446
17 20.34526995290676
18 18.874183840491384
19 12.731298248372667
20 17.574071567507076
21 12.880216247432799
22 20.574529257290337
23 17.886723020155586
24 19.448468106630486
25 16.267609768844267
26 18.8762507268643
27 15.245317214713182
28 16.93831869580781
29 18.697010456450556
30 19.24147165566987
31 20.82030505401859
32 17.057774008820985
33 17.16336563438685
34 15.135894525335232
35 19.242081327685213
36 16.073559169503568
37 17.969308274833367
38 17.7963131072257
39 14.5293600096781
40 15.23021182785876
41 18.488088881449443
42 15.894800079614498
43 15.844179350886662
44 20.60158529983231
45 14.79782394826799
46 18.067590708530957
47 16.180570814385334
48 18.77368339620105
49 15.823562070428494
50 14.099129003720407
51 16.821557692481434
52 14.364927592276388
53 17.582320206891694
54 15.470627500281182
55 16.809267810373825
56 19.430487360030355
57 18.858363567774603
58 14.726052685261322
59 18.88455495883673
60 20.226053393491014
61 20.622821625491483
62 16.773406819661574
63 20.614717267477985
64 16.124116455478173
65 18.875494636243815
66 16.78317113447858
67 18.814330216427237
68 12.138901474421232
69 14.7215433332874
70 12.372883954307497
71 15.06161042528629
72 12.436600981666004
73 17.28374727741553
74 12.909587938390615
75 16.21146357402617
76 13.017846721621709
77 17.57820470824558
78 13.047727020097
79 19.752675369306843
80 12.474730191205232
81 17.411932904417228
82 19.596400036844074
83 12.363609749406521
84 15.532786905718837
85 15.579600560660623
86 16.262667917167363
87 12.97989486412041
88 17.50205104250759
89 18.251508778956378
90 17.894844665083298
91 18.981425422347712
92 19.134878963894806
93 13.11000517583998
94 12.432709612694396
95 13.258900066808764
96 17.045068517766964
97 16.033686667804346
98 19.06438900799506
99 15.999006695248113
100 15.867594029527794
101 17.476232700029954
102 18.416951956190772
103 18.03092560560779
104 18.922238573548412
105 19.62643295348667
106 19.288246677665626
107 19.845055382070626
108 19.267492346423666
109 17.278404503376343
110 14.701928241558136
111 19.077692647865405
112 16.88662691371755
113 16.271201268898125
114 17.633657630596332
115 18.842652540000557
116 17.870506658093255
117 17.36053928380207
118 18.591626818809033
119 20.873872397348265
120 18.8807220270468
121 18.58820036589978
122 18.270185200547786
123 17.657915306426645
124 17.48687730122728
125 18.95687569278485
126 15.772356884989648
127 18.54660307157397
128 16.799636720411485
129 18.3520683201306
130 17.36097255161323
131 18.591626818809033
132 12.539530629105755
133 17.40435915814308
134 18.648504219801026
135 20.32741754657914
136 19.664681070305818
137 15.108544950372362
138 11.811149676015745
139 16.012147981587958
140 11.928063332090275
141 19.28811574404253
142 12.052883058262339
143 17.65222824908321
