103.39974267668353
102

 -- -- -- random MIGRANT SELECTION STRATEGY -- -- --
 -- -- -- MIGRANT ACCEPTATION STRATEGY BEZ -- -- --
 -- -- -- ring TOPOLOGY -- -- -- 
------------------------------------
Average result:  229.06917287942002
------------------------------------
Best result   : 103.39974267668353
Winner island: 102 (this result was reached on : 1/144 islands) (number of results taken to avg: 144)

0 210.2172034695986
1 265.61824417611973
2 206.11608557082394
3 259.8985323289454
4 180.51039376041274
5 239.38751964017703
6 201.29380648690798
7 113.94253217780648
8 129.3138050394647
9 132.3996456567475
10 160.10741152954682
11 170.86216574325948
12 177.89813983748323
13 220.57090894855813
14 179.95223916046507
15 233.540284956233
16 206.8310473278574
17 241.07050790678392
18 221.19470109270299
19 204.45027343053027
20 261.27510553079264
21 266.00483108016164
22 301.052388328121
23 327.60915951823887
24 267.17547037240814
25 343.7972711258967
26 210.94427970315442
27 238.88791036091592
28 171.23819836713344
29 190.33131807019177
30 262.60402147397707
31 190.04435980237497
32 208.55609787298175
33 327.0635882704778
34 215.26218200504331
35 320.1256697905196
36 237.4404322110316
37 170.57358843393845
38 175.34603760462326
39 239.18696650583666
40 190.7270540436254
41 229.59099909472909
42 192.59499711407472
43 284.59153417717226
44 317.13973048816325
45 331.81003944029544
46 225.97660425693175
47 296.23485880385203
48 363.3961959672282
49 221.8872971029788
50 274.29832113941166
51 221.13111730072666
52 304.25766532726834
53 222.76042811491843
54 185.39108746927565
55 236.54360563653535
56 186.32153652790865
57 210.91473056379658
58 306.63845079497975
59 179.49005225042714
60 184.61267057058194
61 174.78250963942503
62 170.37155512975713
63 147.11466689812315
64 157.47325885825026
65 181.76985490919182
66 169.8388321927102
67 177.4935347401112
68 222.4326359396161
69 142.12498834325265
70 164.00679069248906
71 186.29850251569997
72 204.63201875598781
73 205.77440175046883
74 153.05218251854882
75 194.67911771129997
76 211.5434312307504
77 249.00502161196957
78 256.0899308779906
79 187.75809637233453
80 197.0779175448843
81 224.6568516105283
82 188.7678643214304
83 198.29712132331426
84 249.80820344724017
85 264.5697277753497
86 127.88139717683508
87 139.86378369668495
88 161.3566572597563
89 151.00673473402836
90 174.1881977884303
91 211.88291572235008
92 216.06978675153383
93 196.10371580693308
94 139.97854719054524
95 149.2844883522395
96 131.11449009702898
97 146.1037361550495
98 139.10534341982986
99 165.16900213521532
100 159.68025269596077
101 179.9622813096073
102 103.39974267668353
103 110.3131379823756
104 133.41034464168933
105 127.9099821087358
106 146.96683769259988
107 161.27230490593743
108 150.10323907383545
109 158.47865199688394
110 178.73495323259291
111 183.97562378183207
112 187.13430024554773
113 201.43954986594585
114 211.569979755576
115 233.97865356549062
116 258.2591265698239
117 262.37496286630625
118 278.8692470853058
119 324.47697356632597
120 206.8835219240992
121 223.95252599384966
122 295.11438509154704
123 209.8196822759943
124 253.77187501743833
125 258.9498497627787
126 311.33922586274787
127 217.0079495946101
128 312.69920706447687
129 230.0853419582775
130 332.64177071388707
131 237.99416926664392
132 351.6640337495763
133 268.2977386056331
134 371.5485133231848
135 302.28163489514003
136 499.2250331686481
137 620.2805633147473
138 270.02529742448564
139 379.2503093917179
140 313.2731371824945
141 613.1437946852378
142 455.77763427498525
143 524.092440624918
