1.8257356530960998
12

 -- -- -- random MIGRANT SELECTION STRATEGY -- -- --
 -- -- -- MIGRANT ACCEPTATION STRATEGY BEZ -- -- --
 -- -- -- ring TOPOLOGY -- -- -- 
------------------------------------
Average result:  4.919911325771614
------------------------------------
Best result   : 1.8257356530960998
Winner island: 12 (this result was reached on : 1/144 islands) (number of results taken to avg: 144)

0 2.77831456392655
1 2.3898860687073693
2 4.7207035854695825
3 5.361575044354858
4 2.6976840513095333
5 2.3480328668608657
6 2.719375647793303
7 3.8842348675504788
8 4.0302118676217695
9 4.130272697496629
10 3.081344779748303
11 1.8435315222974857
12 1.8257356530960998
13 2.111917903426729
14 2.856632422514071
15 2.4130152406438903
16 2.869288418013536
17 3.8104386503607444
18 3.237635183184217
19 3.8989527482008164
20 3.162109937341441
21 4.161132701669072
22 3.9029869740060548
23 4.300639592499461
24 4.642020402391886
25 4.7912079899359235
26 2.330146759688425
27 2.3324166859275195
28 2.7315008173126145
29 4.171780904434911
30 4.230818355706383
31 2.7854962888999246
32 4.427868303489266
33 4.31033548144454
34 4.93813869895504
35 2.4096863283147236
36 2.917420464015027
37 3.9846310986276094
38 2.7631360716697344
39 3.293507889918196
40 4.158434166881555
41 4.2074955961016265
42 2.7515467064913786
43 1.8976774600820754
44 2.131318868482893
45 2.277149997255723
46 2.392630370845218
47 2.9295811784073607
48 3.033935112059112
49 4.288709635370754
50 2.5565774797794845
51 4.1215231660177025
52 4.515881121302236
53 2.6335128914123977
54 3.8453578715494494
55 3.5896743680072056
56 3.759257895237969
57 4.07759265818968
58 2.774239326502265
59 3.1412163584881583
60 4.07787041292606
61 4.455740921649028
62 4.221450049136326
63 2.7922466926078755
64 2.9533236907073928
65 4.487500909405959
66 5.142285141047225
67 2.734649207639663
68 2.7364553615752705
69 4.3473694960964195
70 2.147230498593345
71 2.324139053850029
72 2.937273377231289
73 3.931673798248166
74 3.0978860598103637
75 4.127285683837865
76 2.725454892848397
77 4.288543143596009
78 3.097593366531985
79 4.456204749330428
80 3.044257476222562
81 4.2721296357617184
82 2.733543580010817
83 4.560830543881192
84 4.313063445125525
85 4.549971707886574
86 4.450333832449058
87 2.165383462421449
88 2.3572468300004594
89 3.177255535095245
90 4.793575801538257
91 2.3906826538505186
92 4.033473254214979
93 4.44443798170483
94 3.052745769217317
95 4.509488682212407
96 4.304553928249707
97 5.030451115087196
98 3.1681239155615906
99 5.339333123415177
100 5.24173218452751
101 5.251017081726911
102 3.0200554419458427
103 5.073430221367364
104 5.226771717454081
105 5.565076443181415
106 6.402951618348631
107 2.599827628884082
108 3.391887959550072
109 2.6841455157189706
110 3.7207915831459495
111 3.476243318320627
112 5.466507907712391
113 6.781918319374185
114 5.682416994650801
115 6.017156916322552
116 7.004415450519524
117 6.707519907401625
118 8.057470763481684
119 9.458431535764486
120 8.791464070854461
121 3.3373942825054783
122 4.449265869036189
123 3.7082351491289955
124 9.759748344517583
125 12.043148406689095
126 5.178607159299023
127 12.536119841671226
128 3.338793613988166
129 5.961446186809937
130 13.119333424715716
131 14.055997887550415
132 5.792967095250596
133 4.793354223115262
134 14.807611455787393
135 5.165685818031289
136 14.501144802262385
137 15.877917116011895
138 7.190173685085568
139 16.54879648537829
140 17.421331734549277
141 18.504224484770855
142 18.1692891714533
143 18.13327555538685
