123.50065194483432
3

 -- -- -- best MIGRANT SELECTION STRATEGY -- -- --
 -- -- -- MIGRANT ACCEPTATION STRATEGY BEZ -- -- --
 -- -- -- ring TOPOLOGY -- -- -- 
------------------------------------
Average result:  221.07050352565255
------------------------------------
Best result   : 123.50065194483432
Winner island: 3 (this result was reached on : 1/96 islands) (number of results taken to avg: 96)

0 165.49317935584963
1 143.8440102134105
2 126.74537707871141
3 123.50065194483432
4 145.15574157973109
5 131.38078450380914
6 163.9373216429875
7 160.99960207119182
8 166.99523930555276
9 136.51934075575147
10 147.8793461769758
11 148.47306367219275
12 169.60410991480123
13 145.11477521975797
14 168.32055514688824
15 141.32300506901416
16 137.40006640493485
17 161.6143857255295
18 168.09833095764264
19 134.68732830554305
20 159.56546647765435
21 165.97523651790448
22 172.94074534953063
23 125.09568414015362
24 124.91754896595268
25 131.07825090083554
26 141.24278736090605
27 148.2312246032826
28 160.6537806205839
29 183.49621183040645
30 194.20053964688606
31 188.1152453555858
32 201.69766005789813
33 181.65595714823826
34 189.59511792262265
35 150.05291968165315
36 178.4416495284877
37 158.13306046826418
38 190.28937212366554
39 157.721685257787
40 186.84774592960537
41 195.86197521378696
42 214.7417136792577
43 210.12662587179886
44 234.51372720424268
45 174.6893960567884
46 215.0898755515557
47 239.958588903859
48 248.39726101712816
49 261.5004945748045
50 208.2469393869211
51 240.01608755643502
52 225.7955857002895
53 292.650761121301
54 252.16719904464253
55 302.1446211004559
56 184.8299690779519
57 192.32579411859135
58 242.43344916413767
59 185.41699090120255
60 204.28635134444113
61 263.9141168267417
62 146.58195401402577
63 154.16142108110856
64 187.46035984371525
65 162.16578323425077
66 182.60000791210564
67 203.8667251578327
68 215.2125550312116
69 244.9643510928782
70 222.5836056156634
71 322.92756637225216
72 326.29745522282155
73 319.5968782723732
74 231.255167998218
75 319.6814066752629
76 207.81063634694638
77 195.11514907124732
78 202.7339294479465
79 228.8067882630919
80 228.59929667758152
81 258.0759961666726
82 373.2914971995618
83 277.26649320376964
84 384.8293623287594
85 304.4754496259465
86 456.0132803151905
87 410.6240451280085
88 236.8150709954411
89 265.8738547669463
90 290.7576713607721
91 470.2218063135625
92 493.14390786745554
93 335.64840916849795
94 565.8939498070595
95 531.2748785351207
