0.4257105403465408
16

 -- -- -- random MIGRANT SELECTION STRATEGY -- -- --
 -- -- -- MIGRANT ACCEPTATION STRATEGY BEZ -- -- --
 -- -- -- torus TOPOLOGY -- -- -- 
------------------------------------
Average result:  0.9056285488145938
------------------------------------
Best result   : 0.4257105403465408
Winner island: 16 (this result was reached on : 1/96 islands) (number of results taken to avg: 96)

0 1.284079862143276
1 0.7628239088783543
2 0.995951968309426
3 1.1308195369638945
4 1.0275872104866743
5 0.6603320196685661
6 1.148272109885415
7 0.5678795488647892
8 1.1509840818155537
9 0.7946122870761279
10 1.028831121371829
11 0.8324343294269761
12 0.9932870638398259
13 1.1038677041875928
14 1.0429633644479144
15 1.1262339708099542
16 0.4257105403465408
17 1.1129584314671996
18 0.44772366682622555
19 1.1182449586914416
20 0.7239181518957962
21 1.0797748612456857
22 0.7340082437657731
23 0.7764951755105768
24 0.9657422370995912
25 0.8593262104838171
26 1.1273116822890539
27 1.0435651356191955
28 0.9250474358032984
29 1.0238312617466898
30 0.832609534386725
31 0.5842634294074143
32 1.1023308662010955
33 0.9376691333097854
34 0.703747323473395
35 0.9534180201788832
36 0.9786084293987106
37 0.6390210776110892
38 1.1209441782978944
39 0.6872546539440506
40 1.190266583784065
41 0.7674645011946738
42 1.0238312617466898
43 1.1211810696227644
44 0.6655140265628666
45 0.7193148943302066
46 0.7667161857390519
47 0.9883538563191346
48 0.48112872411712626
49 0.9366817700685852
50 1.2271209368604086
51 0.786065734536106
52 1.0380930105665904
53 1.023073215662354
54 1.0456883814904399
55 1.023073215662354
56 0.6874610760099347
57 1.156305420703171
58 0.6500302957128011
59 0.6292629323903967
60 0.8588708990261669
61 1.0777563022908156
62 0.9653525573095876
63 0.682524986292273
64 0.8538577182266098
65 0.8474024036769734
66 1.089106673451243
67 0.8111155219092551
68 0.9766904564806769
69 1.0652541358270615
70 1.07425634061465
71 1.0151998539200855
72 0.9449859174657005
73 1.1370750773309277
74 1.152284226922713
75 0.6721037617633131
76 0.7987398763316716
77 1.1274491558250133
78 0.7137616450713792
79 0.5796603874559502
80 1.062921249879915
81 0.7348513379078512
82 0.7802575706741866
83 0.854415518719525
84 0.8808433302134422
85 1.1230345136361648
86 0.77853934533611
87 0.7099222051011272
88 1.1302409214714384
89 1.0356938662106678
90 0.6713383727143708
91 1.038022164634411
92 0.6079902394473466
93 0.7002024446766492
94 0.8398094764037729
95 1.0676984117261359
